0 -60.000000
1 -60.000000
2 -60.000000
3 -60.000000
4 -60.000000
5 -60.000000
6 -60.000000
7 -60.000000
8 -60.000000
9 -60.000000
10 -60.000000
11 -60.000000
12 -60.000000
13 -60.000000
14 -60.000000
15 -60.000000
16 -60.000000
17 -60.000000
18 -60.000000
19 -60.000000
20 -60.000000
21 -60.000000
22 -60.000000
23 -60.000000
24 -60.000000
25 -60.000000
26 -60.000000
27 -60.000000
28 -60.000000
29 -60.000000
30 -60.000000
31 -60.000000
32 -60.000000
33 -60.000000
34 -60.000000
35 -60.000000
36 -60.000000
37 -60.000000
38 -60.000000
39 -60.000000
40 -60.000000
41 -60.000000
42 -60.000000
43 -60.000000
44 -60.000000
45 -60.000000
46 -60.000000
47 -60.000000
48 -60.000000
49 -60.000000
50 -60.000000
51 -60.000000
52 -60.000000
53 -60.000000
54 -59.929222
55 -59.835732
56 -59.745106
57 -59.825310
58 -59.809452
59 -59.753262
60 -59.687969
61 -58.735817
62 -56.966770
63 -51.723171
64 -44.283798
65 -32.625961
66 -18.419039
67 19.438902
68 238.016251
69 -52.921185
70 -50.161736
71 -42.224400
72 -40.290180
73 -34.833580
74 -20.720711
75 8.363103
76 135.492310
77 -49.393955
78 -48.124893
79 -46.858288
80 -42.029613
81 -39.703506
82 -35.441074
83 -24.656713
84 -5.661875
85 61.191757
86 -51.352921
87 -54.198471
88 -52.375633
89 -51.385109
90 -55.453876
91 -51.616661
92 -49.496731
93 -54.970684
94 -51.954823
95 -45.779438
96 -46.658775
97 -44.250992
98 -40.764122
99 -29.561749
100 -12.490214
101 31.333591
102 -53.345516
103 -50.369591
104 -43.709641
105 -47.675362
106 -48.577980
107 -46.683331
108 -39.300377
109 -33.150135
110 -31.998638
111 -22.318417
112 8.512227
113 147.940140
114 -52.656425
115 -50.621960
116 -52.362858
117 -51.616390
118 -52.305538
119 -59.506016
120 -60.107048
121 -55.161335
122 -49.943462
123 -55.266727
124 -56.632874
125 -53.864258
126 -49.955326
127 -45.145386
128 -38.453808
129 -29.479856
130 -14.462702
131 29.097609
132 300.174927
133 -55.111362
134 -50.917709
135 -44.345249
136 -50.234650
137 -56.525700
138 -55.230423
139 -49.866314
140 -44.232498
141 -51.893440
142 -55.483860
143 -52.561985
144 -46.053146
145 -38.813396
146 -32.147316
147 -30.889439
148 -21.378057
149 9.290636
150 156.038605
151 -48.992218
152 -47.024647
153 -44.461475
154 -41.019966
155 -41.199001
156 -46.319717
157 -45.659641
158 -40.356228
159 -37.344139
160 -33.972313
161 -22.955301
162 -3.715972
163 73.893990
164 -53.563271
165 -50.084156
166 -52.579662
167 -51.486752
168 -48.486618
169 -53.325665
170 -53.713608
171 -55.294262
172 -57.177845
173 -56.040562
174 -51.773365
175 -45.969028
176 -45.723545
177 -44.772362
178 -46.980774
179 -44.585022
180 -41.566219
181 -34.056026
182 -20.028122
183 12.887890
184 165.387405
185 -60.400078
186 -62.303066
187 -59.315853
188 -54.820316
189 -54.664257
190 -62.745731
191 -65.183998
192 -61.694725
193 -56.137501
194 -49.966423
195 -48.316364
196 -46.127548
197 -45.314545
198 -41.534355
199 -34.914253
200 -29.641640
201 -17.652250
202 11.123649
203 158.041351
204 -53.934223
205 -50.964573
206 -48.571556
207 -47.709930
208 -56.931751
209 -58.734676
210 -58.600231
211 -54.706169
212 -54.006779
213 -64.988464
214 -64.753159
215 -59.854542
216 -53.756603
217 -51.235641
218 -57.936642
219 -57.547897
220 -55.308735
221 -50.558762
222 -44.217415
223 -36.378704
224 -29.511869
225 -17.980806
226 16.082230
227 183.678207
228 -55.823715
229 -55.446724
230 -61.863365
231 -64.641312
232 -61.293793
233 -59.054089
234 -60.385818
235 -57.290703
236 -62.375706
237 -60.209408
238 -58.295780
239 -55.948570
240 -62.046730
241 -61.629917
242 -56.975838
243 -52.652290
244 -46.471157
245 -41.196045
246 -37.794346
247 -31.514032
248 -24.919191
249 -4.065739
250 74.441734
251 -54.013447
252 -62.480347
253 -64.372864
254 -61.024426
255 -56.273502
256 -55.056866
257 -59.978180
258 -58.651703
259 -54.588081
260 -55.605064
261 -52.442322
262 -54.472832
263 -64.133110
264 -63.120850
265 -57.854313
266 -51.268391
267 -45.931904
268 -43.748749
269 -48.978592
270 -48.424282
271 -43.703671
272 -38.182602
273 -26.842257
274 -2.558052
275 75.421455
276 -53.486851
277 -50.514668
278 -48.503384
279 -49.742874
280 -60.351284
281 -61.329544
282 -57.378666
283 -53.988483
284 -57.268650
285 -63.723740
286 -61.573219
287 -56.295509
288 -50.215473
289 -44.999050
290 -44.487286
291 -40.211277
292 -39.399288
293 -33.312256
294 -19.541059
295 8.973950
296 143.113007
297 -53.173058
298 -58.795395
299 -58.460552
300 -56.885891
301 -58.803627
302 -66.549042
303 -64.754150
304 -60.673477
305 -56.476803
306 -52.801910
307 -50.222225
308 -50.088608
309 -49.868084
310 -52.828293
311 -50.624935
312 -47.388924
313 -41.182865
314 -37.277660
315 -29.862488
316 -12.496095
317 38.847416
318 -52.085846
319 -57.297558
320 -59.445332
321 -57.161369
322 -53.238716
323 -52.857777
324 -57.778732
325 -57.352684
326 -53.869167
327 -49.170357
328 -49.620174
329 -51.967632
330 -53.696243
331 -51.059696
332 -46.022739
333 -39.023384
334 -30.898434
335 -18.462471
336 10.586940
337 148.571609
338 -55.214119
339 -54.141590
340 -52.830559
341 -54.394539
342 -58.195614
343 -62.743851
344 -63.373596
345 -62.243637
346 -62.412346
347 -58.799053
348 -54.155308
349 -50.085968
350 -48.944103
351 -54.612087
352 -55.649689
353 -52.428345
354 -47.094921
355 -40.450027
356 -36.389473
357 -31.310293
358 -17.565907
359 19.080811
360 222.831360
361 -52.395855
362 -51.817287
363 -56.815708
364 -58.777313
365 -58.830338
366 -57.181583
367 -55.271389
368 -60.287846
369 -64.808289
370 -61.767738
371 -56.366798
372 -50.262318
373 -54.243839
374 -59.904308
375 -61.010513
376 -56.875664
377 -50.796680
378 -43.451679
379 -34.399944
380 -27.354645
381 -11.231256
382 41.666332
383 -58.729000
384 -58.042156
385 -55.553329
386 -52.665180
387 -63.563663
388 -64.267593
389 -61.910587
390 -57.077332
391 -52.922813
392 -49.329472
393 -52.843769
394 -59.829937
395 -58.838364
396 -55.920502
397 -50.553589
398 -43.752636
399 -40.613411
400 -45.237972
401 -44.726547
402 -39.984699
403 -32.273422
404 -18.852983
405 18.675058
406 222.810318
407 -52.921230
408 -55.829548
409 -58.357758
410 -57.406593
411 -55.141876
412 -52.686100
413 -62.694103
414 -66.039238
415 -62.212738
416 -56.423607
417 -50.401043
418 -45.489811
419 -45.669632
420 -49.407299
421 -48.229282
422 -43.682316
423 -37.615303
424 -35.315678
425 -26.130024
426 -3.033879
427 70.769028
428 -54.262188
429 -52.142944
430 -50.267921
431 -59.587391
432 -60.934586
433 -58.128757
434 -55.002823
435 -55.221645
436 -56.038967
437 -55.084415
438 -58.237621
439 -57.283363
440 -58.436497
441 -54.912647
442 -49.407207
443 -45.253315
444 -45.107670
445 -44.553158
446 -40.252693
447 -32.069733
448 -16.386959
449 22.767029
450 245.898926
451 -57.791153
452 -62.262268
453 -62.014416
454 -58.336311
455 -53.747429
456 -61.805264
457 -65.366295
458 -63.469505
459 -58.212200
460 -52.060909
461 -47.140869
462 -45.501507
463 -50.810638
464 -55.007019
465 -53.088772
466 -47.835247
467 -40.226498
468 -29.471712
469 -20.857107
470 6.567472
471 113.769287
472 -56.077415
473 -53.178150
474 -48.471600
475 -47.552742
476 -53.777176
477 -60.479099
478 -59.378731
479 -54.865170
480 -49.056831
481 -44.271927
482 -55.427391
483 -59.667759
484 -57.165436
485 -51.779869
486 -44.884159
487 -36.524982
488 -31.147160
489 -19.609962
490 4.119534
491 112.711601
492 -52.940079
493 -49.794266
494 -48.476891
495 -58.570190
496 -60.970039
497 -59.902100
498 -55.810722
499 -50.739681
500 -54.046589
501 -55.039082
502 -53.063000
503 -56.694317
504 -54.706066
505 -49.997543
506 -43.721218
507 -42.940258
508 -47.754829
509 -51.998714
510 -50.293251
511 -44.827820
512 -36.141525
513 -23.882971
514 1.775674
515 97.514458
516 -54.062843
517 -51.965412
518 -49.624050
519 -54.569386
520 -57.782318
521 -59.205082
522 -57.853851
523 -58.119034
524 -54.571865
525 -49.482388
526 -50.347336
527 -56.115692
528 -56.927731
529 -56.342857
530 -52.033154
531 -45.865314
532 -38.136112
533 -33.728241
534 -22.292978
535 2.464696
536 96.355034
537 -57.411926
538 -55.302021
539 -51.266605
540 -57.760773
541 -61.281322
542 -62.196159
543 -60.012714
544 -55.227795
545 -49.569172
546 -51.754608
547 -50.832256
548 -53.872581
549 -52.221710
550 -48.032536
551 -43.576160
552 -42.457207
553 -42.041317
554 -37.059540
555 -34.311543
556 -24.090666
557 2.507025
558 111.725754
559 -55.953594
560 -63.788223
561 -63.348824
562 -59.728222
563 -55.439587
564 -51.217365
565 -58.321186
566 -59.018387
567 -62.040676
568 -58.908909
569 -53.614441
570 -47.421795
571 -56.604706
572 -62.275322
573 -59.914139
574 -54.449871
575 -47.707508
576 -39.499622
577 -33.861248
578 -23.900270
579 -6.995838
580 56.699253
581 -53.423512
582 -51.001633
583 -48.473030
584 -54.573452
585 -61.895649
586 -61.101410
587 -56.937794
588 -53.182278
589 -50.594975
590 -50.147221
591 -54.236664
592 -56.029930
593 -56.482456
594 -55.274570
595 -50.791660
596 -44.533585
597 -38.372253
598 -33.516132
599 -28.280586
600 -12.639940
601 36.961216
602 -52.972412
603 -51.065449
604 -53.906113
605 -58.000164
606 -58.330860
607 -58.336914
608 -55.385769
609 -53.903824
610 -56.392326
611 -63.728146
612 -62.139038
613 -57.212444
614 -51.292213
615 -49.613472
616 -57.700466
617 -60.030457
618 -58.065376
619 -52.891186
620 -46.202000
621 -38.277828
622 -26.282969
623 -6.799407
624 54.175755
625 -60.522728
626 -61.305035
627 -58.447571
628 -54.551231
629 -53.571941
630 -64.676620
631 -66.278778
632 -61.898106
633 -56.067307
634 -49.838902
635 -51.832989
636 -56.927284
637 -59.265045
638 -56.234470
639 -51.004307
640 -44.554741
641 -38.095284
642 -34.935699
643 -25.543919
644 -2.689030
645 81.594589
646 -52.871784
647 -53.686138
648 -61.143627
649 -64.482910
650 -63.770176
651 -59.538673
652 -54.513641
653 -52.278885
654 -58.303814
655 -58.071838
656 -54.845249
657 -56.091351
658 -53.095707
659 -50.729607
660 -56.444302
661 -60.829975
662 -59.996239
663 -55.186409
664 -48.814201
665 -41.061668
666 -33.220364
667 -21.283598
668 3.632432
669 111.496834
670 -58.595119
671 -57.716232
672 -56.020481
673 -55.496906
674 -56.836388
675 -61.281845
676 -63.630234
677 -62.035343
678 -58.736614
679 -53.574860
680 -50.779968
681 -51.778889
682 -52.041218
683 -55.908958
684 -54.084625
685 -49.358353
686 -42.855145
687 -36.918835
688 -32.704784
689 -21.021921
690 7.789807
691 139.695679
692 -52.644222
693 -50.654224
694 -57.450489
695 -62.559978
696 -60.693127
697 -59.092205
698 -54.652340
699 -49.182907
700 -50.959702
701 -60.054188
702 -61.691479
703 -57.833096
704 -52.046444
705 -45.220692
706 -41.926292
707 -50.412815
708 -53.954659
709 -51.591545
710 -45.828102
711 -37.225945
712 -23.331863
713 -1.918331
714 68.163918
715 -56.648838
716 -54.610386
717 -51.037388
718 -46.857124
719 -49.161648
720 -58.506374
721 -61.100788
722 -57.887005
723 -52.537415
724 -46.180161
725 -50.791843
726 -57.864754
727 -58.811008
728 -54.867687
729 -48.843014
730 -41.238831
731 -33.713600
732 -24.606491
733 -7.470171
734 45.375118
735 -55.778728
736 -53.274555
737 -49.374744
738 -49.563957
739 -60.506180
740 -62.098892
741 -59.985291
742 -55.285934
743 -49.735073
744 -52.594967
745 -55.874619
746 -54.345875
747 -50.479572
748 -45.419674
749 -44.735142
750 -46.024651
751 -46.409477
752 -44.599148
753 -42.031162
754 -34.745857
755 -20.378637
756 15.593016
757 193.861938
758 -56.885380
759 -62.835079
760 -61.755035
761 -58.069836
762 -53.813683
763 -60.551159
764 -66.203682
765 -64.509117
766 -59.354954
767 -53.407642
768 -50.065762
769 -49.244469
770 -50.644409
771 -50.273983
772 -47.067772
773 -41.980309
774 -34.718513
775 -33.930691
776 -25.913881
777 -10.398677
778 44.857193
779 -52.016045
780 -49.546085
781 -46.350311
782 -46.934361
783 -47.270569
784 -52.395164
785 -52.447929
786 -53.949917
787 -53.862164
788 -59.148598
789 -59.311184
790 -58.390736
791 -54.289730
792 -51.547211
793 -50.863949
794 -48.971863
795 -46.008232
796 -40.435833
797 -38.178940
798 -31.125547
799 -15.111580
800 30.855722
801 -59.678928
802 -66.641029
803 -64.711411
804 -60.541115
805 -55.605942
806 -50.642811
807 -60.211464
808 -65.762520
809 -62.860832
810 -57.377995
811 -51.211819
812 -44.994839
813 -46.492401
814 -44.383419
815 -49.289768
816 -48.712852
817 -45.659515
818 -39.027958
819 -27.784769
820 -15.319496
821 22.677912
822 251.599121
823 -53.787243
824 -57.017994
825 -56.944626
826 -53.909504
827 -58.292606
828 -63.925430
829 -64.896118
830 -60.566799
831 -54.854668
832 -48.675003
833 -48.798012
834 -48.445652
835 -51.807232
836 -53.201920
837 -51.581612
838 -46.698471
839 -39.387924
840 -31.704653
841 -24.407370
842 -2.497285
843 76.309601
844 -53.638168
845 -51.153938
846 -48.401844
847 -54.734158
848 -57.818089
849 -60.526501
850 -57.825169
851 -54.470825
852 -52.090466
853 -51.869774
854 -57.250233
855 -59.223110
856 -58.438934
857 -54.143505
858 -48.788906
859 -46.751507
860 -53.170815
861 -53.464584
862 -49.978287
863 -44.323574
864 -37.395542
865 -26.323509
866 -5.363513
867 64.871284
868 -56.216679
869 -55.780373
870 -54.889477
871 -54.229572
872 -65.358093
873 -66.668564
874 -63.511044
875 -58.052780
876 -52.091347
877 -48.300674
878 -52.695675
879 -60.202732
880 -59.316715
881 -54.577984
882 -48.261372
883 -41.057137
884 -43.941387
885 -49.240311
886 -48.572517
887 -45.119087
888 -37.633736
889 -24.455259
890 4.377232
891 111.776291
892 -54.165340
893 -53.695568
894 -51.966248
895 -55.952076
896 -55.381424
897 -58.925095
898 -57.352962
899 -64.347565
900 -62.366352
901 -57.190739
902 -51.066700
903 -49.064693
904 -58.947395
905 -59.734879
906 -55.661827
907 -49.642319
908 -42.217628
909 -35.043308
910 -27.629164
911 -11.365954
912 41.444668
913 -53.208115
914 -51.521633
915 -50.927914
916 -56.833366
917 -61.362339
918 -59.605003
919 -56.940010
920 -52.743702
921 -55.799068
922 -57.204639
923 -54.623150
924 -56.387512
925 -55.068226
926 -52.868835
927 -50.766521
928 -51.424450
929 -49.821808
930 -44.966404
931 -44.572971
932 -39.757145
933 -30.834286
934 -17.543900
935 5.102751
936 114.421486
937 -53.914356
938 -50.909370
939 -47.094105
940 -46.077225
941 -48.389355
942 -49.131142
943 -46.873398
944 -44.238632
945 -44.958828
946 -51.967316
947 -54.163586
948 -51.315777
949 -45.667221
950 -38.024281
951 -32.771961
952 -34.918430
953 -31.718798
954 -18.796333
955 19.158234
956 229.985672
957 -52.576427
958 -51.243389
959 -54.948673
960 -61.822659
961 -60.656219
962 -56.204391
963 -50.687019
964 -61.161011
965 -65.434479
966 -61.987076
967 -56.235462
968 -49.755630
969 -44.487316
970 -44.843601
971 -48.728374
972 -47.718735
973 -43.257320
974 -35.706345
975 -22.783539
976 -0.134852
977 87.851784
978 -56.494576
979 -54.988052
980 -57.830853
981 -56.246716
982 -52.821415
983 -64.661919
984 -67.240250
985 -62.957336
986 -57.041451
987 -50.734917
988 -48.348442
989 -48.784832
990 -46.179260
991 -48.035564
992 -45.936440
993 -40.970512
994 -39.422112
995 -35.232460
996 -26.898485
997 -5.590731
998 69.656174
999 -51.422962
