0 -60.000000
1 -60.000000
2 -60.000000
3 -60.000000
4 -60.000000
5 -60.000000
6 -60.000000
7 -60.000000
8 -60.000000
9 -60.000000
10 -60.000000
11 -60.000000
12 -60.000000
13 -60.000000
14 -60.000000
15 -60.000000
16 -60.000000
17 -60.000000
18 -60.000000
19 -60.000000
20 -60.000000
21 -60.000000
22 -60.000000
23 -60.000000
24 -60.000000
25 -60.000000
26 -60.000000
27 -60.000000
28 -60.000000
29 -60.000000
30 -60.000000
31 -60.000000
32 -60.000000
33 -60.000000
34 -60.000000
35 -60.000000
36 -60.000000
37 -60.000000
38 -60.000000
39 -60.000000
40 -60.000000
41 -60.000000
42 -60.000000
43 -60.000000
44 -60.000000
45 -60.000000
46 -60.000000
47 -60.000000
48 -60.000000
49 -60.000000
50 -45.750000
51 -30.399000
52 -2.356600
53 98.364037
54 -44.232944
55 -31.460840
56 -8.432211
57 64.877075
58 -47.037861
59 -38.282757
60 -25.182493
61 3.232517
62 118.853378
63 -49.597729
64 -44.041927
65 -37.003407
66 -25.829350
67 -1.715319
68 87.734520
69 -51.936176
70 -48.938873
71 -45.636002
72 -41.546131
73 -35.771217
74 -26.104464
75 -5.180127
76 67.513885
77 -53.919292
78 -52.835690
79 -51.704048
80 -50.477612
81 -49.099174
82 -47.488758
83 -45.521824
84 -42.984661
85 -39.470165
86 -34.095562
87 -24.568535
88 -3.013236
89 75.483452
90 -55.151981
91 -55.145447
92 -55.005207
93 -54.751747
94 -54.400276
95 -53.960617
96 -53.437405
97 -52.830143
98 -52.132931
99 -51.333580
100 -50.411716
101 -49.335251
102 -48.053829
103 -46.486397
104 -44.496143
105 -41.835716
106 -38.013233
107 -31.910694
108 -20.430975
109 8.262254
110 138.165665
111 -55.261265
112 -55.346188
113 -55.282505
114 -55.094528
115 -54.801411
116 -54.416725
117 -53.948666
118 -53.400311
119 -52.769722
120 -52.049587
121 -51.226177
122 -50.277248
123 -49.168133
124 -47.844490
125 -46.218479
126 -44.140575
127 -41.337013
128 -37.253601
129 -30.597723
130 -17.642246
131 16.890509
132 199.465439
133 -55.202244
134 -55.237854
135 -55.133041
136 -54.910061
137 -54.585945
138 -54.172249
139 -53.675266
140 -53.096195
141 -52.431053
142 -51.670052
143 -50.796135
144 -49.782192
145 -48.585907
146 -47.140087
147 -45.333725
148 -42.971958
149 -39.682766
150 -34.667835
151 -43.379669
152 -55.691948
153 -67.210953
154 -73.494133
155 -75.609108
156 -76.114517
157 -76.167168
158 -76.104622
159 -76.013657
160 -75.915993
161 -75.817055
162 -75.718193
163 -75.619751
164 -75.521812
165 -75.424408
166 -75.327530
167 -75.231186
168 -75.135368
169 -75.040077
170 -74.945312
171 -74.851067
172 -74.757339
173 -74.664124
174 -74.571426
175 -74.479233
176 -74.387558
177 -74.296379
178 -74.205704
179 -74.115532
180 -74.025864
181 -73.936691
182 -73.848007
183 -73.759811
184 -73.672112
185 -73.584900
186 -73.498169
187 -73.411911
188 -73.326141
189 -73.240845
190 -73.156029
191 -73.071686
192 -72.987816
193 -72.904404
194 -72.821465
195 -72.738983
196 -72.656975
197 -72.575417
198 -72.494316
199 -72.413673
200 -55.556042
201 -44.129311
202 -30.559774
203 -5.490084
204 79.411606
205 -46.230824
206 -36.321507
207 -20.599396
208 17.571749
209 219.781876
210 -48.535538
211 -41.651306
212 -32.244606
213 -15.175391
214 32.266716
215 -50.820213
216 -46.592598
217 -41.569016
218 -34.517467
219 -22.331745
220 6.539397
221 132.596008
222 -52.620678
223 -50.259838
224 -47.691368
225 -44.638889
226 -40.645527
227 -34.764988
228 -24.553200
229 -1.483476
230 85.017220
231 -54.008980
232 -52.957703
233 -51.811039
234 -50.525265
235 -49.039551
236 -47.261299
237 -45.037483
238 -42.091896
239 -37.869205
240 -31.078272
241 -18.002317
242 16.575048
243 198.331894
244 -54.566071
245 -54.009605
246 -53.336269
247 -52.542915
248 -51.616657
249 -50.532417
250 -49.247772
251 -47.692780
252 -45.749435
253 -43.207424
254 -39.659119
255 -34.213127
256 -24.541994
257 -2.599583
258 78.014221
259 -54.814087
260 -54.472366
261 -53.993584
262 -53.387882
263 -52.656502
264 -51.790997
265 -50.771290
266 -49.561451
267 -48.101295
268 -46.289536
269 -43.948246
270 -40.740913
271 -35.958179
272 -27.848087
273 -10.883261
274 41.633057
275 -54.896786
276 -54.625916
277 -54.209873
278 -53.662804
279 -52.990089
280 -52.187870
281 -51.241714
282 -50.123569
283 -48.785572
284 -47.147747
285 -45.072773
286 -42.310280
287 -38.359879
288 -32.078999
289 -20.282761
290 9.330016
291 146.057983
292 -54.742458
293 -54.339066
294 -53.805080
295 -53.147034
296 -52.362366
297 -51.438328
298 -50.349323
299 -49.051414
300 -47.471420
301 -65.431023
302 -77.107040
303 -80.525177
304 -81.061386
305 -81.042702
306 -80.933128
307 -80.809418
308 -80.683960
309 -80.558777
310 -80.434196
311 -80.310272
312 -80.187004
313 -80.064400
314 -79.942444
315 -79.821136
316 -79.700485
317 -79.580475
318 -79.461113
319 -79.342384
320 -79.224297
321 -79.106842
322 -78.990013
323 -78.873817
324 -78.758240
325 -78.643288
326 -78.528954
327 -78.415237
328 -78.302124
329 -78.189621
330 -78.077736
331 -77.966438
332 -77.855751
333 -77.745659
334 -77.636162
335 -77.527260
336 -77.418938
337 -77.311211
338 -77.204056
339 -77.097488
340 -76.991501
341 -76.886086
342 -76.781242
343 -76.676971
344 -76.573265
345 -76.470116
346 -76.367531
347 -76.265503
348 -76.164040
349 -76.063126
350 -75.962761
351 -75.862938
352 -75.763664
353 -75.664932
354 -75.566742
355 -75.469086
356 -75.371971
357 -75.275383
358 -75.179321
359 -75.083794
360 -74.988785
361 -74.894295
362 -74.800331
363 -74.706879
364 -74.613945
365 -74.521523
366 -74.429604
367 -74.338196
368 -74.247292
369 -74.156898
370 -74.066994
371 -73.977592
372 -73.888680
373 -73.800262
374 -73.712341
375 -73.624901
376 -73.537941
377 -73.451477
378 -73.365479
379 -73.279968
380 -73.194939
381 -73.110374
382 -73.026283
383 -72.942665
384 -72.859505
385 -72.776817
386 -72.694588
387 -72.612823
388 -72.531517
389 -72.450661
390 -72.370262
391 -72.290306
392 -72.210808
393 -72.131760
394 -72.053154
395 -71.974991
396 -71.897263
397 -71.819977
398 -71.743134
399 -71.666718
400 -71.590736
401 -71.515182
402 -71.440056
403 -71.365356
404 -71.291092
405 -71.217239
406 -71.143806
407 -71.070786
408 -70.998192
409 -70.926003
410 -70.854233
411 -70.782867
412 -70.711914
413 -70.641365
414 -70.571220
415 -70.501480
416 -70.432137
417 -70.363182
418 -70.294632
419 -70.226479
420 -70.158714
421 -70.091347
422 -70.024361
423 -69.957764
424 -69.891548
425 -69.825722
426 -69.760269
427 -69.695198
428 -69.630508
429 -69.566193
430 -69.502251
431 -69.438675
432 -69.375481
433 -69.312637
434 -69.250168
435 -69.188072
436 -69.126335
437 -69.064957
438 -69.003937
439 -68.943275
440 -68.882965
441 -68.823013
442 -68.763420
443 -68.704170
444 -68.645271
445 -68.586723
446 -68.528511
447 -68.470650
448 -68.413132
449 -68.355949
450 -68.299110
451 -68.242607
452 -68.186440
453 -68.130600
454 -68.075104
455 -68.019928
456 -67.965088
457 -67.910576
458 -67.856377
459 -67.802513
460 -67.748970
461 -67.695747
462 -67.642838
463 -67.590256
464 -67.537987
465 -67.486031
466 -67.434395
467 -67.383057
468 -67.332039
469 -67.281326
470 -67.230919
471 -67.180824
472 -67.131027
473 -67.081535
474 -67.032341
475 -66.983437
476 -66.934845
477 -66.886543
478 -66.838539
479 -66.790833
480 -66.743416
481 -66.696281
482 -66.649437
483 -66.602882
484 -66.556625
485 -66.510635
486 -66.464935
487 -66.419518
488 -66.374382
489 -66.329529
490 -66.284943
491 -66.240639
492 -66.196602
493 -66.152847
494 -66.109367
495 -66.066147
496 -66.023201
497 -65.980522
498 -65.938110
499 -65.895966
500 -65.854080
501 -65.812462
502 -65.771103
503 -65.730003
504 -65.689163
505 -65.648567
506 -65.608238
507 -65.568169
508 -65.528351
509 -65.488777
510 -65.449455
511 -65.410378
512 -65.371552
513 -65.332977
514 -65.294647
515 -65.256561
516 -65.218719
517 -65.181114
518 -65.143745
519 -65.106621
520 -65.069733
521 -65.033081
522 -64.996666
523 -64.960480
524 -64.924530
525 -64.888817
526 -64.853325
527 -64.818069
528 -64.783035
529 -64.748230
530 -64.713654
531 -64.679298
532 -64.645172
533 -64.611259
534 -64.577576
535 -64.544106
536 -64.510857
537 -64.477821
538 -64.445000
539 -64.412392
540 -64.379997
541 -64.347816
542 -64.315857
543 -64.284103
544 -64.252556
545 -64.221207
546 -64.190071
547 -64.159142
548 -64.128418
549 -64.097900
550 -64.067581
551 -64.037468
552 -64.007553
553 -63.977837
554 -63.948318
555 -63.918995
556 -63.889866
557 -63.860931
558 -63.832191
559 -63.803646
560 -63.775291
561 -63.747124
562 -63.719151
563 -63.691360
564 -63.663761
565 -63.636349
566 -63.609116
567 -63.582073
568 -63.555210
569 -63.528530
570 -63.502029
571 -63.475708
572 -63.449570
573 -63.423607
574 -63.397820
575 -63.372211
576 -63.346775
577 -63.321510
578 -63.296421
579 -63.271503
580 -63.246758
581 -63.222183
582 -63.197777
583 -63.173538
584 -63.149467
585 -63.125565
586 -63.101822
587 -63.078247
588 -63.054829
589 -63.031578
590 -63.008488
591 -62.985558
592 -62.962788
593 -62.940174
594 -62.917717
595 -62.895416
596 -62.873272
597 -62.851284
598 -62.829449
599 -62.807770
600 -62.786240
601 -62.764862
602 -62.743633
603 -62.722557
604 -62.701626
605 -62.680843
606 -62.660206
607 -62.639713
608 -62.619370
609 -62.599167
610 -62.579105
611 -62.559189
612 -62.539417
613 -62.519783
614 -62.500286
615 -62.480930
616 -62.461712
617 -62.442635
618 -62.423691
619 -62.404877
620 -62.386200
621 -62.367661
622 -62.349255
623 -62.330978
624 -62.312836
625 -62.294823
626 -62.276939
627 -62.259182
628 -62.241558
629 -62.224060
630 -62.206684
631 -62.189438
632 -62.172314
633 -62.155315
634 -62.138443
635 -62.121689
636 -62.105061
637 -62.088551
638 -62.072163
639 -62.055893
640 -62.039742
641 -62.023712
642 -62.007793
643 -61.991997
644 -61.976315
645 -61.960747
646 -61.945293
647 -61.929951
648 -61.914722
649 -61.899609
650 -61.884605
651 -61.869713
652 -61.854927
653 -61.840256
654 -61.825691
655 -61.811234
656 -61.796883
657 -61.782639
658 -61.768501
659 -61.754471
660 -61.740543
661 -61.726715
662 -61.712994
663 -61.699375
664 -61.685856
665 -61.672440
666 -61.659126
667 -61.645905
668 -61.632786
669 -61.619766
670 -61.606842
671 -61.594017
672 -61.581287
673 -61.568657
674 -61.556118
675 -61.543674
676 -61.531326
677 -61.519070
678 -61.506905
679 -61.494835
680 -61.482853
681 -61.470963
682 -61.459167
683 -61.447456
684 -61.435833
685 -61.424301
686 -61.412857
687 -61.401497
688 -61.390224
689 -61.379036
690 -61.367935
691 -61.356922
692 -61.345989
693 -61.335140
694 -61.324371
695 -61.313686
696 -61.303085
697 -61.292564
698 -61.282127
699 -61.271767
700 -61.261486
701 -61.251286
702 -61.241165
703 -61.231121
704 -61.221157
705 -61.211266
706 -61.201450
707 -61.191715
708 -61.182049
709 -61.172459
710 -61.162945
711 -61.153507
712 -61.144138
713 -61.134842
714 -61.125618
715 -61.116470
716 -61.107391
717 -61.098381
718 -61.089439
719 -61.080570
720 -61.071770
721 -61.063038
722 -61.054375
723 -61.045780
724 -61.037251
725 -61.028790
726 -61.020393
727 -61.012062
728 -61.003796
729 -60.995594
730 -60.987461
731 -60.979385
732 -60.971375
733 -60.963428
734 -60.955547
735 -60.947723
736 -60.939964
737 -60.932266
738 -60.924629
739 -60.917049
740 -60.909531
741 -60.902065
742 -60.894669
743 -60.887329
744 -60.880043
745 -60.872818
746 -60.865646
747 -60.858532
748 -60.851479
749 -60.844479
750 -60.837532
751 -60.830639
752 -60.823803
753 -60.817024
754 -60.810299
755 -60.803627
756 -60.797009
757 -60.790443
758 -60.783928
759 -60.777462
760 -60.771049
761 -60.764690
762 -60.758381
763 -60.752121
764 -60.745911
765 -60.739750
766 -60.733639
767 -60.727577
768 -60.721565
769 -60.715603
770 -60.709682
771 -60.703812
772 -60.697994
773 -60.692219
774 -60.686489
775 -60.680805
776 -60.675167
777 -60.669575
778 -60.664028
779 -60.658527
780 -60.653069
781 -60.647652
782 -60.642281
783 -60.636951
784 -60.631668
785 -60.626427
786 -60.621223
787 -60.616066
788 -60.610947
789 -60.605877
790 -60.600845
791 -60.595852
792 -60.590897
793 -60.585987
794 -60.581112
795 -60.576279
796 -60.571484
797 -60.566730
798 -60.562012
799 -60.557335
800 -60.552692
801 -60.548092
802 -60.543526
803 -60.539001
804 -60.534512
805 -60.530056
806 -60.525635
807 -60.521252
808 -60.516903
809 -60.512592
810 -60.508316
811 -60.504074
812 -60.499866
813 -60.495693
814 -60.491554
815 -60.487453
816 -60.483383
817 -60.479343
818 -60.475338
819 -60.471363
820 -60.467426
821 -60.463520
822 -60.459648
823 -60.455803
824 -60.451992
825 -60.448212
826 -60.444458
827 -60.440739
828 -60.437050
829 -60.433392
830 -60.429764
831 -60.426167
832 -60.422596
833 -60.419056
834 -60.415546
835 -60.412064
836 -60.408611
837 -60.405186
838 -60.401791
839 -60.398422
840 -60.395081
841 -60.391769
842 -60.388481
843 -60.385223
844 -60.381992
845 -60.378784
846 -60.375603
847 -60.372448
848 -60.369324
849 -60.366226
850 -60.363152
851 -60.360104
852 -60.357079
853 -60.354076
854 -60.351101
855 -60.348152
856 -60.345226
857 -60.342319
858 -60.339443
859 -60.336590
860 -60.333759
861 -60.330952
862 -60.328171
863 -60.325409
864 -60.322670
865 -60.319958
866 -60.317265
867 -60.314594
868 -60.311943
869 -60.309315
870 -60.306709
871 -60.304127
872 -60.301567
873 -60.299026
874 -60.296509
875 -60.294010
876 -60.291534
877 -60.289078
878 -60.286644
879 -60.284229
880 -60.281834
881 -60.279457
882 -60.277100
883 -60.274761
884 -60.272442
885 -60.270145
886 -60.267868
887 -60.265610
888 -60.263371
889 -60.261150
890 -60.258945
891 -60.256760
892 -60.254589
893 -60.252441
894 -60.250309
895 -60.248196
896 -60.246101
897 -60.244022
898 -60.241959
899 -60.239918
900 -60.237892
901 -60.235878
902 -60.233887
903 -60.231915
904 -60.229954
905 -60.228012
906 -60.226086
907 -60.224174
908 -60.222279
909 -60.220398
910 -60.218536
911 -60.216690
912 -60.214855
913 -60.213036
914 -60.211235
915 -60.209450
916 -60.207676
917 -60.205917
918 -60.204174
919 -60.202450
920 -60.200737
921 -60.199039
922 -60.197357
923 -60.195686
924 -60.194027
925 -60.192387
926 -60.190762
927 -60.189144
928 -60.187542
929 -60.185951
930 -60.184380
931 -60.182819
932 -60.181271
933 -60.179733
934 -60.178211
935 -60.176704
936 -60.175205
937 -60.173721
938 -60.172249
939 -60.170792
940 -60.169342
941 -60.167908
942 -60.166485
943 -60.165073
944 -60.163673
945 -60.162289
946 -60.160912
947 -60.159546
948 -60.158192
949 -60.156849
950 -60.155521
951 -60.154202
952 -60.152893
953 -60.151596
954 -60.150311
955 -60.149036
956 -60.147774
957 -60.146519
958 -60.145275
959 -60.144043
960 -60.142822
961 -60.141605
962 -60.140404
963 -60.139214
964 -60.138031
965 -60.136864
966 -60.135704
967 -60.134548
968 -60.133408
969 -60.132275
970 -60.131153
971 -60.130039
972 -60.128933
973 -60.127838
974 -60.126751
975 -60.125675
976 -60.124607
977 -60.123550
978 -60.122501
979 -60.121460
980 -60.120430
981 -60.119408
982 -60.118393
983 -60.117386
984 -60.116386
985 -60.115398
986 -60.114418
987 -60.113445
988 -60.112484
989 -60.111526
990 -60.110580
991 -60.109638
992 -60.108707
993 -60.107784
994 -60.106865
995 -60.105957
996 -60.105057
997 -60.104164
998 -60.103279
999 -60.102402
